0.000000000000000000e+00 -2.873363788147037523e-01
3.030303030303030387e-02 6.254562807804905367e-01
6.060606060606060774e-02 -7.834273889066623031e-02
9.090909090909091161e-02 8.334398891878012083e-01
1.212121212121212155e-01 3.365109004885209476e-01
1.515151515151515194e-01 1.289167178083175713e+00
1.818181818181818232e-01 1.408960635313875498e+00
2.121212121212121271e-01 9.160467557369528224e-01
2.424242424242424310e-01 1.086185458340975796e+00
2.727272727272727071e-01 9.359210109774218633e-01
3.030303030303030387e-01 7.326263837645329291e-01
3.333333333333333703e-01 1.268339125507480292e+00
3.636363636363636465e-01 5.819255339801095994e-01
3.939393939393939226e-01 3.784680756020356585e-01
4.242424242424242542e-01 6.151974158800609382e-01
4.545454545454545858e-01 -1.355881250098505686e-01
4.848484848484848619e-01 5.399252435967700769e-01
5.151515151515151381e-01 -1.126688516195742396e-02
5.454545454545454142e-01 -7.539128072532386149e-02
5.757575757575758013e-01 -1.929877133893148633e-02
6.060606060606060774e-01 -9.291189399618267064e-01
6.363636363636363535e-01 -5.963060429366637827e-01
6.666666666666667407e-01 -1.356157043930628081e+00
6.969696969696970168e-01 -8.286218406663059532e-01
7.272727272727272929e-01 -1.255048625569679333e+00
7.575757575757575690e-01 -7.123915218513110492e-01
7.878787878787878451e-01 -5.774899219790287086e-01
8.181818181818182323e-01 -8.999190156054075462e-01
8.484848484848485084e-01 -1.077417548566068861e+00
8.787878787878787845e-01 -8.108853054106451852e-01
9.090909090909091717e-01 -6.455832452949546996e-01
9.393939393939394478e-01 -1.901366414593612109e-01
9.696969696969697239e-01 -7.101067204720357129e-02
1.000000000000000000e+00 4.980479812966495112e-01
1.030303030303030276e+00 3.299903387285510470e-01
1.060606060606060552e+00 -1.192340017577824818e-01
1.090909090909090828e+00 8.106872191807174000e-01
1.121212121212121327e+00 5.259571618113857427e-01
1.151515151515151603e+00 8.948989079120093226e-01
1.181818181818181879e+00 1.025573627554179801e+00
1.212121212121212155e+00 1.221884605384033762e+00
1.242424242424242431e+00 5.543103820434752693e-01
1.272727272727272707e+00 8.612551627860781656e-01
1.303030303030302983e+00 1.366310398686392702e+00
1.333333333333333481e+00 8.877027284831395804e-01
1.363636363636363757e+00 4.264080492298218950e-01
1.393939393939394034e+00 9.565253067048944402e-01
1.424242424242424310e+00 4.294732295529931632e-01
1.454545454545454586e+00 -5.056848817969888943e-02
1.484848484848484862e+00 -2.495676674755996083e-01
1.515151515151515138e+00 -3.813559997779351063e-01
1.545454545454545414e+00 1.999173921464427739e-01
1.575757575757575690e+00 -4.349201691692861083e-01
1.606060606060606188e+00 -6.980893931904494920e-01
1.636363636363636465e+00 -9.071754398271427711e-01
1.666666666666666741e+00 -1.014726585945121329e+00
1.696969696969697017e+00 -5.091125320810142574e-01
1.727272727272727293e+00 -1.469823134866404590e+00
1.757575757575757569e+00 -1.336478085989578179e+00
1.787878787878787845e+00 -1.296393320007814154e+00
1.818181818181818343e+00 -1.184680804247305819e+00
1.848484848484848619e+00 -8.481302137469211022e-01
1.878787878787878896e+00 -4.692071491337505007e-01
1.909090909090909172e+00 -1.655309714450517999e-01
1.939393939393939448e+00 -2.890236553580325385e-01
1.969696969696969724e+00 1.785014158097752712e-01
2.000000000000000000e+00 -4.918681797374664932e-01
2.030303030303030276e+00 3.794854940337064053e-01
2.060606060606060552e+00 3.685435872026567861e-01
2.090909090909090828e+00 9.729686201862253192e-01
2.121212121212121104e+00 4.845853004031921429e-01
2.151515151515151381e+00 6.626164181689453425e-01
2.181818181818181657e+00 1.368118518685947249e+00
2.212121212121212377e+00 9.854977959534850784e-01
2.242424242424242653e+00 1.394685420706573531e+00
2.272727272727272929e+00 1.363668733267849875e+00
2.303030303030303205e+00 1.265130190721254655e+00
2.333333333333333481e+00 1.346116541213385531e+00
2.363636363636363757e+00 5.282080768852648323e-01
2.393939393939394034e+00 5.087856729106932097e-01
2.424242424242424310e+00 2.923375265796279709e-02
2.454545454545454586e+00 6.194635451376691027e-01
2.484848484848484862e+00 4.512175579194067643e-01
2.515151515151515138e+00 4.022184921323940232e-01
2.545454545454545414e+00 -7.695095413058660183e-01
2.575757575757575690e+00 -8.336206557280156915e-01
2.606060606060605966e+00 -6.655869335534807529e-01
2.636363636363636243e+00 -1.242090801971473812e+00
2.666666666666666963e+00 -7.665915762994596205e-01
2.696969696969697239e+00 -1.168081884105010460e+00
2.727272727272727515e+00 -1.444484059631858441e+00
2.757575757575757791e+00 -9.038034305214299735e-01
2.787878787878788067e+00 -1.220271187486406950e+00
2.818181818181818343e+00 -1.059718702200289409e+00
2.848484848484848619e+00 -6.716197398432064425e-01
2.878787878787878896e+00 -1.938057156683481441e-01
2.909090909090909172e+00 -1.480853851511051422e-01
2.939393939393939448e+00 -4.174022362985995716e-01
2.969696969696969724e+00 2.705226670899494312e-01
3.000000000000000000e+00 9.443733694319537963e-02
